0,tcp,http,SF,181,5450,0,0,0,0,0,1,0,0,0,0,0,0,0,0,0,0,8,8,0.00,0.00,0.00,0.00,1.00,0.00,0.00,9,9,1.00,0.00,0.11,0.00,0.00,0.00,0.00,0.00,normal.
0,tcp,http,SF,239,486,0,0,0,0,0,1,0,0,0,0,0,0,0,0,0,0,8,8,0.00,0.00,0.00,0.00,1.00,0.00,0.00,19,19,1.00,0.00,0.05,0.00,0.00,0.00,0.00,0.00,normal.
0,tcp,http,SF,235,1337,0,0,0,0,0,1,0,0,0,0,0,0,0,0,0,0,8,8,0.00,0.00,0.00,0.00,1.00,0.00,0.00,29,29,1.00,0.00,0.03,0.00,0.00,0.00,0.00,0.00,normal.
0,tcp,http,SF,219,1337,0,0,0,0,0,1,0,0,0,0,0,0,0,0,0,0,6,6,0.00,0.00,0.00,0.00,1.00,0.00,0.00,39,39,1.00,0.00,0.03,0.00,0.00,0.00,0.00,0.00,normal.
0,tcp,http,SF,217,2032,0,0,0,0,0,1,0,0,0,0,0,0,0,0,0,0,6,6,0.00,0.00,0.00,0.00,1.00,0.00,0.00,49,49,1.00,0.00,0.02,0.00,0.00,0.00,0.00,0.00,normal.
0,tcp,http,SF,217,2032,0,0,0,0,0,1,0,0,0,0,0,0,0,0,0,0,6,6,0.00,0.00,0.00,0.00,1.00,0.00,0.00,59,59,1.00,0.00,0.02,0.00,0.00,0.00,0.00,0.00,normal.
0,tcp,http,SF,212,1940,0,0,0,0,0,1,0,0,0,0,0,0,0,0,0,0,1,2,0.00,0.00,0.00,0.00,1.00,0.00,1.00,1,69,1.00,0.00,1.00,0.04,0.00,0.00,0.00,0.00,normal.
0,tcp,http,SF,159,4087,0,0,0,0,0,1,0,0,0,0,0,0,0,0,0,0,5,5,0.00,0.00,0.00,0.00,1.00,0.00,0.00,11,79,1.00,0.00,0.09,0.04,0.00,0.00,0.00,0.00,normal.
0,tcp,http,SF,210,151,0,0,0,0,0,1,0,0,0,0,0,0,0,0,0,0,8,8,0.00,0.00,0.00,0.00,1.00,0.00,0.00,8,89,1.00,0.00,0.12,0.04,0.00,0.00,0.00,0.00,normal.
0,tcp,http,SF,212,786,0,0,0,1,0,1,0,0,0,0,0,0,0,0,0,0,8,8,0.00,0.00,0.00,0.00,1.00,0.00,0.00,8,99,1.00,0.00,0.12,0.05,0.00,0.00,0.00,0.00,normal.
0,tcp,http,SF,210,624,0,0,0,0,0,1,0,0,0,0,0,0,0,0,0,0,18,18,0.00,0.00,0.00,0.00,1.00,0.00,0.00,18,109,1.00,0.00,0.06,0.05,0.00,0.00,0.00,0.00,normal.
0,tcp,http,SF,177,1985,0,0,0,0,0,1,0,0,0,0,0,0,0,0,0,0,1,1,0.00,0.00,0.00,0.00,1.00,0.00,0.00,28,119,1.00,0.00,0.04,0.04,0.00,0.00,0.00,0.00,normal.
0,tcp,http,SF,222,773,0,0,0,0,0,1,0,0,0,0,0,0,0,0,0,0,11,11,0.00,0.00,0.00,0.00,1.00,0.00,0.00,38,129,1.00,0.00,0.03,0.04,0.00,0.00,0.00,0.00,normal.
0,tcp,http,SF,256,1169,0,0,0,0,0,1,0,0,0,0,0,0,0,0,0,0,4,4,0.00,0.00,0.00,0.00,1.00,0.00,0.00,4,139,1.00,0.00,0.25,0.04,0.00,0.00,0.00,0.00,normal.
0,tcp,http,SF,241,259,0,0,0,0,0,1,0,0,0,0,0,0,0,0,0,0,1,1,0.00,0.00,0.00,0.00,1.00,0.00,0.00,14,149,1.00,0.00,0.07,0.04,0.00,0.00,0.00,0.00,normal.
0,tcp,http,SF,260,1837,0,0,0,0,0,1,0,0,0,0,0,0,0,0,0,0,11,11,0.00,0.00,0.00,0.00,1.00,0.00,0.00,24,159,1.00,0.00,0.04,0.04,0.00,0.00,0.00,0.00,normal.
0,tcp,http,SF,241,261,0,0,0,0,0,1,0,0,0,0,0,0,0,0,0,0,2,2,0.00,0.00,0.00,0.00,1.00,0.00,0.00,34,169,1.00,0.00,0.03,0.04,0.00,0.00,0.00,0.00,normal.
0,tcp,http,SF,257,818,0,0,0,0,0,1,0,0,0,0,0,0,0,0,0,0,12,12,0.00,0.00,0.00,0.00,1.00,0.00,0.00,44,179,1.00,0.00,0.02,0.03,0.00,0.00,0.00,0.00,normal.
0,tcp,http,SF,233,1694,0,0,0,0,0,1,0,0,0,0,0,0,0,0,0,0,12,12,0.00,0.00,0.00,0.00,1.00,0.00,0.00,64,255,1.00,0.00,0.02,0.04,0.00,0.00,0.00,0.00,normal.
0,tcp,http,SF,306,1721,0,0,0,0,0,1,0,0,0,0,0,0,0,0,0,0,5,5,0.00,0.00,0.00,0.00,1.00,0.00,0.00,74,255,1.00,0.00,0.01,0.04,0.00,0.00,0.00,0.00,normal.
0,tcp,http,SF,285,25519,0,0,0,0,0,1,0,0,0,0,0,0,0,0,0,0,2,2,0.00,0.00,0.00,0.00,1.00,0.00,0.00,84,255,1.00,0.00,0.01,0.04,0.00,0.00,0.00,0.00,normal.
0,tcp,http,SF,309,909,0,0,0,0,0,1,0,0,0,0,0,0,0,0,0,0,8,8,0.00,0.00,0.00,0.00,1.00,0.00,0.00,94,255,1.00,0.00,0.01,0.04,0.00,0.00,0.00,0.00,normal.
0,tcp,http,SF,297,1645,0,0,0,0,0,1,0,0,0,0,0,0,0,0,0,0,3,3,0.00,0.00,0.00,0.00,1.00,0.00,0.00,104,255,1.00,0.00,0.01,0.04,0.00,0.00,0.00,0.00,normal.
0,tcp,http,SF,295,1680,0,0,0,0,0,1,0,0,0,0,0,0,0,0,0,0,13,13,0.00,0.00,0.00,0.00,1.00,0.00,0.00,114,255,1.00,0.00,0.01,0.04,0.00,0.00,0.00,0.00,normal.
0,tcp,http,SF,253,1680,0,0,0,0,0,1,0,0,0,0,0,0,0,0,0,0,2,5,0.00,0.00,0.00,0.00,1.00,0.00,0.40,124,255,1.00,0.00,0.01,0.04,0.00,0.00,0.00,0.00,normal.
0,tcp,http,SF,257,1695,0,0,0,0,0,1,0,0,0,0,0,0,0,0,0,0,12,15,0.00,0.00,0.00,0.00,1.00,0.00,0.13,134,255,1.00,0.00,0.01,0.04,0.00,0.00,0.00,0.00,normal.
0,tcp,http,SF,229,1484,0,0,0,0,0,1,0,0,0,0,0,0,0,0,0,0,1,1,0.00,0.00,0.00,0.00,1.00,0.00,0.00,144,255,1.00,0.00,0.01,0.03,0.00,0.00,0.00,0.00,normal.
0,tcp,http,SF,234,1713,0,0,0,0,0,1,0,0,0,0,0,0,0,0,0,0,11,11,0.00,0.00,0.00,0.00,1.00,0.00,0.00,154,255,1.00,0.00,0.01,0.03,0.00,0.00,0.00,0.00,normal.
0,tcp,http,SF,219,1651,0,0,0,0,0,1,0,0,0,0,0,0,0,0,0,0,4,6,0.00,0.00,0.00,0.00,1.00,0.00,0.33,164,255,1.00,0.00,0.01,0.03,0.00,0.00,0.00,0.00,normal.
0,tcp,http,SF,212,24572,0,0,0,0,0,1,0,0,0,0,0,0,0,0,0,0,1,1,0.00,0.00,0.00,0.00,1.00,0.00,0.00,174,255,1.00,0.00,0.01,0.02,0.00,0.00,0.00,0.00,normal.
0,tcp,http,SF,236,1680,0,0,0,0,0,1,0,0,0,0,0,0,0,0,0,0,3,3,0.00,0.00,0.00,0.00,1.00,0.00,0.00,184,255,1.00,0.00,0.01,0.02,0.00,0.00,0.00,0.00,normal.
0,tcp,http,SF,234,1651,0,0,0,0,0,1,0,0,0,0,0,0,0,0,0,0,13,13,0.00,0.00,0.00,0.00,1.00,0.00,0.00,194,255,1.00,0.00,0.01,0.01,0.00,0.00,0.00,0.00,normal.
0,tcp,http,SF,223,1719,0,0,0,0,0,1,0,0,0,0,0,0,0,0,0,0,10,10,0.00,0.00,0.00,0.00,1.00,0.00,0.00,204,255,1.00,0.00,0.00,0.01,0.00,0.00,0.00,0.00,normal.
0,tcp,http,SF,232,1721,0,0,0,0,0,1,0,0,0,0,0,0,0,0,0,0,7,7,0.00,0.00,0.00,0.00,1.00,0.00,0.00,214,255,1.00,0.00,0.00,0.01,0.00,0.00,0.00,0.00,normal.
0,tcp,http,SF,247,1680,0,0,0,0,0,1,0,0,0,0,0,0,0,0,0,0,2,2,0.00,0.00,0.00,0.00,1.00,0.00,0.00,224,255,1.00,0.00,0.00,0.01,0.00,0.00,0.00,0.00,normal.
0,tcp,http,SF,246,1694,0,0,0,0,0,1,0,0,0,0,0,0,0,0,0,0,12,12,0.00,0.00,0.00,0.00,1.00,0.00,0.00,234,255,1.00,0.00,0.00,0.01,0.00,0.00,0.00,0.00,normal.
0,tcp,http,SF,259,1108,0,0,0,0,0,1,0,0,0,0,0,0,0,0,0,0,9,9,0.00,0.00,0.00,0.00,1.00,0.00,0.00,244,255,1.00,0.00,0.00,0.01,0.00,0.00,0.00,0.00,normal.
0,tcp,http,SF,163,3253,0,0,0,0,0,1,0,0,0,0,0,0,0,0,0,0,1,1,0.00,0.00,0.00,0.00,1.00,0.00,0.00,254,255,1.00,0.00,0.00,0.01,0.00,0.00,0.00,0.00,normal.
0,tcp,http,SF,231,1718,0,0,0,0,0,1,0,0,0,0,0,0,0,0,0,0,7,7,0.00,0.00,0.00,0.00,1.00,0.00,0.00,255,255,1.00,0.00,0.00,0.00,0.00,0.00,0.00,0.00,normal.